160


140 606
141 607
142 610
143 619





+--------------+
|
|
+



160
1 149 148 4 139 3 2 5 8 7 6 15 10 13 144 153 12 11 14 9 16 23 18 21 20 19 22 156 17 24 25 32 27 30 155 29 28 31 26 39 34 37 36 35 38 33 40 136 41 44 43 42 45 48 47 46 55 50 154 53 52 160 51 54 49 56 63 58 61 60 135 59 62 57 64 71 66 69 68 67 70 65 134 72 73 76 159 75 74 77 80 79 78 83 82 81 84 85 88 145 141 87 86 89 92 91 90 93 96 95 94 97 142 151 100 99 98 101 158 143 104 103 102 147 105 108 107 106 152 109 140 112 111 110 137 113 120 115 118 117 150 116 119 114 121 128 123 126 125 138 124 127 122 133 157 129 132 146 131 130







700
1 663 655 4 606 3 2 5 8 7 6 15 10 13 623 678 12 11 14 9 16 23 18 21 20 19 22 683 17 24 25 32 27 30 682 29 28 31 26 39 34 37 36 35 38 33 40 596 41 44 43 42 45 48 47 46 55 50 680 53 52 700 51 54 49 56 63 58 61 60 593 59 62 57 64 71 66 69 68 67 70 65 585 72 73 76 694 75 74 77 80 79 78 83 82 81 84 85 88 625 610 87 86 89 92 91 90 93 96 95 94 97 619 671 100 99 98 101 688 621 104 103 102 644 105 108 107 106 676 109 607 112 111 110 602 113 120 115 118 117 668 116 119 114 121 128 123 126 125 604 124 127 122 135 685 130 133 642 132 131 134 129 136 143 138 643 141 140 139 142 137 144 145 150 149 146 147 148 151 686 152 153 653 158 157 154 155 156 159 594 160 161 654 670 168 163 166 165 164 167 162 169 176 632 171 174 173 172 175 170 657 177 672 184 179 182 181 180 183 178 185 587 190 656 189 186 187 188 191 192 193 198 197 194 684 195 196 199 600 614 200 201 206 205 202 203 204 207 208 209 626 216 631 211 650 214 213 599 645 588 212 215 210 217 224 673 219 222 221 220 223 218 225 664 232 227 629 230 628 229 652 228 231 693 679 226 233 240 235 238 237 236 239 234 241 244 243 242 662 245 248 247 246 249 256 251 646 254 253 252 255 250 257 633 264 259 262 261 260 263 651 258 265 665 268 267 266 269 272 691 271 615 270 273 276 275 274 277 280 279 278 281 286 285 282 283 284 287 288 603 291 290 289 292 591 293 611 296 295 294 303 298 301 300 636 601 299 302 297 304 658 305 312 307 609 310 309 308 311 306 617 313 320 675 315 318 317 316 319 314 323 674 597 322 321 324 620 325 328 327 326 331 330 329 332 333 336 335 661 334 339 338 690 337 595 340 341 344 343 342 634 345 352 347 350 349 348 638 351 346 695 353 356 355 354 357 360 359 681 358 361 366 365 362 363 669 364 367 368 590 369 374 373 370 371 372 375 376 379 378 698 635 377 380 687 640 381 384 383 627 382 622 391 386 389 388 387 390 385 392 395 394 393 396 397 400 399 624 398 403 402 401 608 404 405 613 408 407 406 409 416 411 414 413 412 415 410 423 692 418 421 420 630 419 422 417 666 424 425 432 427 430 429 428 431 426 435 434 699 433 436 437 440 439 438 441 444 443 442 445 448 447 446 449 456 451 667 454 641 453 452 455 450 459 592 458 457 460 461 464 463 462 465 470 598 469 466 467 468 471 472 473 478 477 474 475 476 479 480 612 481 486 485 482 483 659 484 487 488 491 490 489 492 493 496 495 677 494 497 504 499 639 502 501 500 503 498 511 647 506 509 508 507 510 505 605 512 513 589 516 697 515 618 514 517 520 519 518 523 522 521 524 525 528 527 526 529 616 534 533 530 531 532 535 536 649 537 586 540 539 538 541 544 543 637 542 689 547 546 545 548 549 552 551 550 559 696 554 557 556 555 558 553 560 561 564 563 562 565 568 660 648 567 566 575 570 573 572 571 574 569 576 579 578 577 580 581 584 583 582

answer 585


                                                                                                                                                                                                                                                                                                                                                                                                                                                                                                                                                                                                                        
                                                                                                                                                                                                                                                                                                                                                                                                                                                                                                                                                                                                                        
                                                                                                                                                                                                                                                                                                                                                                                                                                                                                                                                                                                                                        
                                                                                                                                                                                                                                                                                                                                                                                                                                                                                                                                                                                                                        
                                                                                                                                                                                                                                                                                                                                                                                                                                                                                                                                                                                                                        
                                                                                                                                                                                                                                                                                                                                                                                                                                                                                                                                                                                                                        
                                                                                                                                                                                                                                                                                                                                                                                                                                                                                                                                                                                                                        
                                                                                                +------+                                                                                                                                                                                                                                                                                                                                                    +---+                               +---+                                                                                                                   
          +-----+     +-+         +----------------+             +--------+               +------------------+           +--------+               +--+        +--+               +------------+              +------------+              +--------+               +------+        +--+                    +----------+        +--+        +--+                +---+                 +---+               +---+                   +---+               +-----------------------+           +-----------------------+                                                                                                       
+---------|-----|-+ +-|-|-+ +---------------------------+  +------------------------+  +--|--|--|------|--|--|--+  +--------------------+      +--|--|--+  +--|--|--+  +----------------------------+  +------------------------+  +------------------------+  +--|------|--+  +--|--|--+  +--------+  +--|----------|--+  +--|--|--+  +--|--|--+  +----------|---|--+  +-----------|---|---+       +---|---|---+       +-------|---|---+       +---|---|---|---|-------|---|---+   +---|---|---|---|-------|---|---+           +---------------+                                                                       
|         |     | | | | | | |  |  |          |  |  |  | |  |  |  |  |  |  |      |  |  |  |  |  |      |  |  |  |  |  |  |  |  |  |  |  |      |  |  |  |  |  |  |  |  |  |      |  |      |  |  |  |  |  |  |  |      |  |  |  |  |  |  |  |  |  |  |      |  |  |      |  |  |  |  |  |  |  |  |  |  |  |          |  |  |  |  |  |  |  |  |  |  |          |   |  |  |           |   |   |       |   |   |   |       |       |   |   |       |   |   |   |   |       |   |   |   |   |   |   |   |       |   |   |           |               |                                                                       

1 149 148 4 139 3 2 5 8 7 6 15 10 13 144 153 12 11 14 9 16 23 18 21 20 19 22 156 17 24 25 32 27 30 155 29 28 31 26 39 34 37 36 35 38 33 40 136 41 44 43 42 45 48 47 46 55 50 154 53 52 160 51 54 49 56 63 58 61 60 135 59 62 57 64 71 66 69 68 67 70 65 134 72 73 76 159 75 74 77 80 79 78 83 82 81 84 85 88 145 141 87 86 89 92 91 90 93 96 95 94 97 142 151 100 99 98 101 158 143 104 103 102 147 105 108 107 106 152 109 140 112 111 110 137 113 120 115 118 117 150 116 119 114 121 128 123 126 125 138 124 127 122 133 157 129 132 146 131 130
          |     | | | | | | |  |  |          |  |  |  | |  |  |  |  |  |  |      |  |  |  |  |  |      |  |  |  |  |  |  |  |  |  |  |  |      |  |  |  |  |  |  |  |  |  |      |  |      |  |  |  |  |  |  |  |      |  |  |  |  |  |  |  |  |  |  |      |  |  |      |  |  |  |  |  |  |  |  |  |  |  |          |  |  |  |  |  |  |  |  |  |  |          |   |  |  |           |   |   |       |   |   |   |       |       |   |   |       |   |   |   |   |       |   |   |   |   |   |   |   |       |   |   |           |           |   |                                                                       
          +---------+ +-----|--|--|----------|--|--|--+ +--|--|--|--|--|--|------+  +--+  +------------------------|--|--|--|--|--|--+  +------+  +--------+  +--------|--|------|--|------|--|--+  +--|--|--|--|------|--|--+  +--|--|--|--|--|--|--+      +--+  +------------+  +--------|--|--+  +--+  +----------------+  +--------+  +--------+          +---------+           +---------------+   +---------------+       +---------------+   +-------------------------------+   +---------------------------------------+           +---+                                                                       
                            +----------------------+       +--------------+                     +------------+     +--------------+                                    +----------------------+        +------------------+        +--------------+                                        +--+                                                                                                                                                             +---------------+                   +---------------+                                                                                                       
                                  +----------+                   +--+                                                    +--+                                                    +--+                        +--+                        +--+                                                                                                                                                                                                                                                                                                                                                                           
                                                                                                                                                                                                                                                                                                                                                                                                                                                                                                                                                                                                                        
                                                                                                                                                                                                                                                                                                                                                                                                                                                                                                                                                                                                                        
                                                                                                                                                                                                                                                                                                                                                                                                                                                                                                                                                                                                                        
                                                                                                                                                                                                                                                                                                                                                                                                                                                                                                                                                                                                                        
                                                                                                                                                                                                                                                                                                                                                                                                                                                                                                                                                                                                                        
                                                                                                                                                                                                                                                                                                                                                                                                                                                                                                                                                                                                                        
                                                                                                                                                                                                                                                                                                                                                                                                                                                                                                                                                                                                                        
                                                                                                                                                                                                                                                                                                                                                                                                                                                                                                                                                                                                                        
                                                                                                                                                                                                                                                                                                                                                                                                                                                                                                                                                                                                                        
                                                                                                                                                                                                                                                                                                                                                                                                                                                                                                                                                                                                                        
